0
0
0
0
0
0
0
0
0
0
0
0
0
0
0
0
0
0
0
0
0
0
0
0
0
0
0
0
0
0
0.02858325
0.05902456
0.08363913
0.08363973
0.091801
0.09417544
0.09417544
0.09488307
0.09556993
0.09556993
0.09598938
0.09598938
0.10056731
0.1044956
0.10751819
0.11043584
0.11439278
0.11439278
0.11639258
0.11639258
0.11661309
0.11789848
0.11789848
0.11789848
0.11892685
0.12162528
0.12162528
0.12162528
0.12323128
0.12323128
0.12323128
0.12502491
0.12502491
0.12502491
0.12502491
0.12636591
0.12636591
0.12636591
0.12636591
0.12872014
0.12877749
0.12877749
0.12877749
0.1303663
0.1303663
0.13147606
0.13147606
0.13147606
0.13147606
0.13147606
0.13423514
0.13498319
0.13498319
0.13498319
0.13498319
0.13899677
0.13899677
0.14909974
0.14909974
0.14909974
0.14909974
0.15062602
0.15062602
0.15062602
0.15109808
0.1534762
0.1534762
0.1534762
0.1534762
0.1534762
0.1611085
0.1611085
0.1611085
0.1611085
0.16532216
0.1704057
0.1704057
0.1704057
0.1704057
0.1704057
0.17162655
0.17162655
0.17162655
0.17162655
0.17474578
0.17474578
0.17832596
0.18646912
0.18646912
0.18646912
0.18646912
0.18646912
0.18646912
0.19115592
0.19115592
0.19115592
0.19115592
0.19115592
0.19115592
0.19931122
0.19931122
0.19931122
0.20600886
0.20629236
0.21359977
0.21380728
0.21499347
0.22070811
0.22070811
0.22205771
0.22205771
0.22205771
0.22205771
0.22205771
0.22452917
0.22452917
0.22452917
0.22452917
0.22452917
0.22452917
0.22571746
0.22571746
0.22571746
0.22571746
0.22571746
0.22571746
0.22571746
0.22850729
0.23586664
0.24248049
0.24248049
0.24412043
0.24412043
0.24412043
0.24412043
0.24412043
0.24412043
0.24412043
0.24765603
0.2508299
0.2508299
0.2548229
0.2548229
0.25508109
0.25508109
0.25508109
0.25887494
0.25926374
0.25926374
0.25926374
0.25967982
0.25967982
0.25967982
0.26449883
0.26449883
0.2663307
0.2663307
0.2663307
0.2663307
0.2663307
0.2663307
0.2663307
0.2663307
0.26714478
0.26714478
0.26714478
0.26714478
0.2713702
0.2713702
0.2713702
0.2713702
0.2713702
0.27186499
0.27186499
0.27186499
0.27186499
0.27186499
0.27247315
0.27247315
0.27247315
0.27247315
0.27864784
0.27864784
0.28132076
0.28132076
0.28194691
0.2823013
0.2823013
0.2830929
0.2830929
0.2830929
0.2830929
0.2830929
0.28382279
0.28382279
0.28382279
0.28382279
0.28382279
0.28382279
0.28557854
0.28557854
0.28557854
0.28557854
0.287681
0.287681
0.287681
0.29057927
0.29057927
0.29398823
0.29398823
0.29398823
0.29398823
0.29526963
0.29526963
0.29526963
0.29526963
0.29526963
0.29526963
0.29526963
0.29594284
0.29594284
0.29594284
0.29644315
0.29644315
0.29644315
0.29644315
0.29723864
0.29723864
0.29723864
0.29723864
0.29723864
0.29726237
0.29726237
0.3020897
0.3020897
0.3020897
0.3020897
0.3020897
0.3020897
0.30218738
0.30218738
0.30271722
0.30271722
0.30271722
0.30271722
0.30333747
0.3066493
0.3066493
0.3066493
0.3066493
0.3066493
0.3066493
0.3066493
0.3066493
0.3066493
0.3066493
0.30668162
0.30668162
0.30668162
0.30668162
0.30668162
0.30668162
0.30668162
0.30668162
0.30789808
0.30789808
0.30789808
0.30789808
0.30789808
0.30824689
0.30824689
0.30824689
0.30824689
0.30824689
0.30914768
0.30914768
0.30914768
0.30914768
0.30939196
0.30939196
0.30939196
0.30962284
0.31093237
0.31093237
0.31093237
0.31093237
0.31093237
0.31208644
0.31208644
0.31208644
0.31208644
0.31208644
0.31208644
0.31305782
0.31305782
0.31312773
0.31312773
0.31312773
0.31312773
0.31312773
0.31312773
0.31901698
0.31901698
0.31901698
0.31901698
0.31901698
0.31901698
0.31943072
0.31943072
0.31943072
0.31943072
0.31943072
0.31943072
0.32008632
0.32008632
0.32008632
0.32297894
0.32297894
0.32297894
0.32434024
0.32434024
0.3263932
0.3263932
0.3263932
0.3263932
0.3263932
0.3263932
0.3263932
0.3263932
0.32768386
0.32768386
0.32768386
0.328677
0.328677
0.328677
0.328677
0.328677
0.328677
0.328677
0.33135463
0.33135463
0.33135463
0.33135463
0.33135463
0.33135463
0.33362871
0.33362871
0.33362871
0.33362871
0.33362871
0.33362871
0.33362871
0.33476234
0.33476234
0.33476234
0.33476234
0.33476234
0.33476234
0.33476234
0.33480417
0.33480417
0.33480417
0.33480417
0.33480417
0.33480417
0.33480417
0.33480417
0.33480417
0.33480417
0.33489218
0.33489218
0.33489218
0.33489218
0.33489218
0.33489218
0.33489218
0.33489218
0.33597088
0.33597088
0.33597088
0.33597088
0.33597088
0.33597088
0.33597088
0.33597088
0.33597088
0.3408055
0.3408055
0.3408055
0.3408055
0.3408055
0.34328216
0.34328216
0.3433807
0.3433807
0.3433807
0.3433807
0.3433807
0.3433807
0.3433807
0.34688298
0.34688298
0.34688298
0.34688298
0.35030169
0.35030169
0.35030169
0.35030169
0.35030169
0.35030169
0.35030169
0.35030169
0.35030169
0.35030169
0.35076647
0.35076647
0.35076647
0.35076647
0.35076647
0.35076647
0.35076647
0.35076647
0.35121865
0.35121865
0.35121865
0.35121865
0.35121865
0.35121865
0.35121865
0.35121865
0.35121865
0.35121865
0.35253362
0.35253362
0.3526843
0.3526843
0.3526843
0.3526843
0.35445472
0.35445472
0.35449212
0.35449212
0.35449212
0.35449212
0.35449212
0.35449212
0.35449212
0.35449212
0.35449212
0.35449212
0.35449212
0.35557512
0.35557512
0.35557512
0.35557512
0.35557512
0.35557512
0.35557512
0.35557512
0.35557512
0.35557512
0.35642797
0.35642797
0.35642797
0.35642797
0.35932376
0.35965141
0.35965141
0.35965141
0.35965141
0.35965141
0.35965141
0.36077898
0.36077898
0.36077898
0.36077898
0.36077898
0.36077898
0.36077898
0.36077898
0.36077898
0.3657932
0.3657932
0.3657932
0.3657932
0.3657932
0.36654202
0.36654202
0.36654202
0.36654202
0.36654202
0.36654202
0.36654202
0.36654202
0.36654202
0.36654202
0.36877096
0.36877096
0.36877096
0.36877096
0.36877096
0.36877096
0.36877096
0.36877096
0.36877096
0.36877096
0.36877096
0.36877096
0.37081355
0.37081355
0.37081355
0.37081355
0.37399667
0.37399667
0.37399667
0.37399667
0.37399667
0.37399667
0.37399667
0.37502883
0.37809176
0.37809176
0.37809176
0.37809176
0.37809176
0.37809176
0.3791745
0.3791745
0.3791745
0.3791745
0.3791745
0.3791745
0.3791745
0.3791745
0.3791745
0.3791745
0.3798596
0.3798596
0.3798596
0.3798596
0.3798596
0.38035394
0.38035394
0.38035394
0.38035394
0.38035394
0.38035394
0.38035394
0.38035394
0.38091809
0.38091809
0.38091809
0.38091809
0.38091809
0.38091809
0.38091809
0.38091809
0.38091809
0.38091809
0.38091809
0.38127345
0.38127345
0.38131525
0.38131525
0.38131525
0.38131525
0.38131525
0.38235499
0.38235499
0.38235499
0.38235499
0.38235499
0.38235499
0.38235499
0.38235499
0.38235499
0.38235499
0.38235499
0.38235499
0.38657874
0.38657874
0.38657874
0.38666096
0.38666096
0.38666096
0.38666096
0.38666096
0.38666096
0.38666096
0.38666096
0.38666096
0.38666096
0.38666096
0.38666096
0.38666096
0.38943287
0.38943287
0.38943287
0.38943287
0.38943287
0.38943287
0.38943287
0.38947397
0.38947397
0.38947397
0.38947397
0.38947397
0.38947397
0.38947397
0.38947397
0.38947397
0.38947397
0.39424665
0.39424665
0.39424665
0.39424665
0.39424665
0.39424665
0.39424665
0.39424665
0.39424665
0.39424665
0.39424665
0.40016626
0.40016626
0.40016626
0.40016626
0.40016626
0.40016626
0.40016626
0.40083586
0.40083586
0.40083586
0.40083586
0.40083586
0.40083586
0.40294913
0.40294913
0.40324095
0.40324095
0.40324095
0.40324095
0.40324095
0.40324095
0.40324095
0.40324095
0.40324095
0.40324095
0.40324095
0.40324095
0.40324493
0.40324493
0.40324493
0.40324493
0.40324493
0.40324493
0.40324493
0.40324493
0.40324493
0.40324493
0.40324493
0.40324493
0.40324493
0.40342871
0.40342871
0.40342871
0.40342871
0.40342871
0.40342871
0.40342871
0.40342871
0.40342871
0.40342871
0.40342871
0.40342871
0.40353738
0.40353738
0.40353738
0.40353738
0.40353738
0.40353738
0.40396085
0.40396085
0.40396085
0.40396085
0.40396085
0.40396085
0.40396085
0.40396085
0.40396085
0.40578933
0.40578933
0.40578933
0.40578933
0.40578933
0.40717016
0.40717016
0.40717016
0.40717016
0.40717016
0.40717016
0.40717016
0.40717016
0.40717016
0.40717016
0.40717016
0.40717016
0.40717016
0.41037668
0.41037668
0.41037668
0.41037668
0.41113353
0.41113353
0.41113353
0.41113353
0.41113353
0.41199848
0.41199848
0.41199848
0.41199848
0.41376468
0.41376468
0.41376468
0.41376468
0.41376468
0.41376468
0.41376468
0.41376468
0.41376468
0.41376468
0.41558442
0.41558442
0.41558442
0.41558442
0.41558442
0.41558442
0.41558442
0.41558442
0.41558442
0.41558442
0.41770764
0.41770764
0.41770764
0.41770764
0.41770764
0.41770764
0.41770764
0.41770764
0.41770764
0.41770764
0.41770764
0.41782253
0.41782253
0.41782253
0.41782253
0.41782253
0.41782253
0.41782253
0.42104357
0.42104357
0.42104357
0.42104357
0.42104357
0.42104357
0.42165341
0.42165341
0.42165341
0.42165341
0.42165341
0.42165341
0.42165341
0.42307797
0.42307797
0.42307797
0.42307797
0.42307797
0.42307797
0.42307797
0.42307797
0.42696087
0.42696087
0.42696087
0.42696087
0.42696087
0.42696087
0.42757811
0.42757811
0.42757811
0.42757811
0.42757811
0.42757811
0.4281727
0.4281727
0.4281727
0.4281727
0.4281727
0.4281727
0.4281727
0.4281727
0.4281727
0.43542303
0.43595794
0.43595794
0.43595794
0.43595794
0.43595794
0.43595794
0.43595794
0.43595794
0.43843845
0.43843845
0.43843845
0.44187021
0.44187021
0.44187021
0.44187021
0.44187021
0.44411688
0.44411688
0.44411688
0.44411688
0.44411688
0.44411688
0.44411688
0.44411688
0.44411688
0.44411688
0.44411688
0.44411688
0.44411688
0.44411688
0.44507925
0.44507925
0.44507925
0.44507925
0.44507925
0.44507925
0.44507925
0.44507925
0.44567264
0.44567264
0.44567264
0.44567264
0.44567264
0.44567264
0.44567264
0.44567264
0.44567264
0.44567264
0.44567264
0.44671402
0.44671402
0.44671402
0.44671402
0.44671402
0.44671402
0.44671402
0.44671402
0.44671402
0.44671402
0.44671402
0.45091184
0.45091184
0.45091184
0.45091184
0.45091184
0.45091184
0.45091184
0.45091184
0.45091184
0.45091184
0.45091184
0.45091184
0.45091184
0.45091184
0.45091184
0.45091184
0.4509789
0.45226461
0.45226461
0.45226461
0.45226461
0.45226461
0.45226461
0.45610562
0.45610562
0.45610562
0.45610562
0.45610562
0.45610562
0.45610562
0.45610562
0.45610562
0.45610562
0.45610562
0.45610562
0.45662106
0.45662106
0.45662106
0.45662106
0.45662106
0.45662106
0.45662106
0.45662106
0.45682084
0.45682084
0.45682084
0.45682084
0.45682084
0.45682084
0.45682084
0.45682084
0.45682084
0.45682084
0.45682084
0.45843414
0.45843414
0.46237166
0.46237166
0.46237166
0.46237166
0.46343828
0.46343828
0.4636829
0.4636829
0.46391682
0.46391682
0.46391682
0.46391682
0.46391682
0.46391682
0.46391682
0.46391682
0.46735759
0.46735759
0.46735759
0.46735759
0.46735759
0.46735759
0.46735759
0.46735759
0.46735759
0.46818104
0.46818104
0.46818104
0.46818104
0.46818104
0.46818104
0.46818104
0.46818104
0.46818104
0.46818104
0.46818104
0.46818104
0.46818104
0.46818104
0.46818104
0.46858947
0.46858947
0.46858947
0.46858947
0.46858947
0.46858947
0.46858947
0.46858947
0.46858947
0.46858947
0.46858947
0.46858947
0.46858947
0.47213793
0.47213793
0.47213793
0.47213793
0.47213793
0.47213793
0.47213793
0.47213793
0.47213793
0.47332274
0.47332274
0.47332274
0.47332274
0.47332274
0.47332274
0.47332274
0.47332274
0.47332274
0.47332274
0.47493112
0.47493112
0.47618222
0.47618222
0.47618222
0.47618222
0.47618222
0.47618222
0.47618222
0.47618222
0.47618222
0.47618222
0.47618222
0.47816858
0.47816858
0.47816858
0.47816858
0.47816858
0.47816858
0.47816858
0.47816858
0.47816858
0.47816858
0.47816858
0.47993446
0.47993446
0.47993446
0.48130736
0.48130736
0.48130736
0.48130736
0.48130736
0.48130736
0.48130736
0.48130736
0.48179398
0.48179398
0.48179398
0.48244483
0.48244483
0.48244483
0.48244483
0.48244483
0.48244483
0.48244483
0.48244483
0.48244483
0.48244483
0.48244483
0.48244483
0.48244483
0.48244483
0.48244483
0.48304619
0.48304619
0.48304619
0.48304619
0.48304619
0.48304619
0.48304619
0.48304619
0.48304619
0.48304619
0.48304619
0.48304619
0.48673324
0.48673324
0.48673324
0.48673324
0.48673324
0.48682253
0.48682253
0.48682253
0.48682253
0.48682253
0.48682253
0.48682253
0.48682253
0.48682253
0.48682253
0.48682253
0.48682253
0.48683758
0.48683758
0.48683758
0.48683758
0.48683758
0.48683758
0.48683758
0.48683758
0.48683758
0.48683758
0.48683758
0.48683758
0.48683758
0.48683758
0.48812722
0.48812722
0.48812722
0.48812722
0.48812722
0.48812722
0.48812722
0.48812722
0.48812722
0.48812722
0.48812722
0.48812722
0.48812722
0.49119048
0.49119048
0.49119048
0.49119048
0.49119048
0.49119048
0.49119048
0.49119048
0.49119048
0.49119048
0.49119048
0.49119048
0.49119048
0.49119048
0.4923884
0.4923884
0.4923884
0.4923884
0.4923884
0.4923884
0.4923884
0.4923884
0.4923884
0.4923884
0.4923884
0.4923884
0.4923884
0.4923884
0.4939646
0.4939646
0.4939646
0.4939646
0.4939646
0.4939646
0.49427965
0.49427965
0.49427965
0.49427965
0.49492339
0.49492339
0.49492339
0.49492339
0.49492339
0.49492339
0.49492339
0.49710557
0.49710557
0.49710557
0.49710557
0.49710557
0.49710557
0.49710557
0.49710557
0.49710557
0.49710557
0.49710557
0.49793071
0.49793071
0.49793071
0.49793071
0.49793071
0.49886728
0.49886728
0.49886728
0.49886728
0.49886728
0.49886728
0.49886728
0.49886728
0.49886728
0.49886728
0.49886728
0.49886728
0.50059446
0.50059446
0.50059446
0.50059446
0.50059446
0.50059446
0.50307141
0.50307141
0.50307141
0.50307141
0.50307141
0.50307141
0.50307141
0.50307141
0.50307141
0.5066519
0.5066519
0.5066519
0.5066519
0.5066519
0.5066519
0.5066519
0.5066519
0.5066519
0.5066519
0.5066519
0.5066519
0.5066519
0.50879925
0.50879925
0.50879925
0.50879925
0.50879925
0.50952214
0.50952214
0.50952214
0.50952214
0.50952214
0.50952214
0.50952214
0.50952214
0.50952214
0.50952214
0.50952214
0.50952214
0.51002913
0.51002913
0.51002913
0.51002913
0.51138568
0.51138568
0.51138568
0.51138568
0.51138568
0.51138568
0.51138568
0.51138568
0.51138568
0.51138568
0.51138568
0.51138568
0.51138568
0.51138568
0.51475891
0.51475891
0.51475891
0.51475891
0.51475891
0.51475891
0.51475891
0.51475891
0.51535653
0.51535653
0.51535653
0.51535653
0.51535653
0.51535653
0.51535653
0.51535653
0.51535653
0.5192558
0.5192558
0.5192558
0.5192558
0.5192558
0.5192558
0.5192558
0.5192558
0.5192558
0.5192558
0.5192558
0.5192558
0.5192558
0.5192558
0.52175887
0.52175887
0.52175887
0.52175887
0.52175887
0.52175887
0.52285359
0.52285359
0.52285359
0.52285359
0.52285359
0.52285359
0.52285359
0.52285359
0.52285359
0.52285359
0.52285359
0.52285359
0.52285359
0.52285359
0.52285359
0.52285359
0.52285359
0.52635566
0.52635566
0.52635566
0.52635566
0.52635566
0.52635566
0.52635566
0.52635566
0.52635566
0.52635566
0.52635566
0.52635566
0.52635566
0.52635566
0.52873359
0.52873359
0.52873359
0.52873359
0.52873359
0.52873359
0.52873359
0.52873359
0.52873359
0.52873359
0.52873359
0.52873359
0.52873359
0.53477182
0.53477182
0.53477182
0.53477182
0.53477182
0.53539416
0.53539416
0.53539416
0.53539416
0.53539416
0.53539416
0.53861259
0.53861259
0.53861259
0.53861259
0.53861259
0.53861259
0.53861259
0.53861259
0.53861259
0.53861259
0.53861259
0.53861259
0.53861259
0.53861259
0.53861259
0.53899621
0.53899621
0.53899621
0.53899621
0.53899621
0.53899621
0.53899621
0.53899621
0.53899621
0.53899621
0.53977232
0.53977232
0.53977232
0.53977232
0.53977232
0.53977232
0.53979059
0.53979059
0.53979059
0.53979059
0.53979059
0.53979059
0.53979059
0.53979059
0.53979059
0.53979059
0.54069828
0.54069828
0.54069828
0.54069828
0.54069828
0.54069828
0.54069828
0.54069828
0.54081607
0.54081607
0.54081607
0.54081607
0.54081607
0.54081607
0.54081607
0.54081607
0.54081607
0.54134708
0.54134708
0.54134708
0.54134708
0.54134708
0.54134708
0.54134708
0.54134708
0.54134708
0.54339422
0.54339422
0.54339422
0.54339422
0.54339422
0.54339422
0.54339422
0.54339422
0.54339422
0.54339422
0.54339422
0.54339422
0.54339422
0.54339422
0.54339422
0.54339422
0.54339422
0.54617614
0.54617614
0.54617614
0.54617614
0.54617614
0.54617614
0.54617614
0.54617614
0.54699307
0.54699307
0.54914997
0.54914997
0.54914997
0.54914997
0.54914997
0.54914997
0.54914997
0.54914997
0.54914997
0.54914997
0.54914997
0.54914997
0.54914997
0.54914997
0.54914997
0.54914997
0.54916449
0.54916449
0.54916449
0.54916449
0.54916449
0.54916449
0.54916449
0.54916449
0.54916449
0.54916449
0.54916449
0.54934345
0.54934345
0.54934345
0.54934345
0.54934345
0.54934345
0.55085716
0.55085716
0.55085716
0.55085716
0.55085716
0.55085716
0.55085716
0.55085716
0.55085716
0.55091106
0.55091106
0.55091106
0.5523846
0.55282366
0.55282366
0.55282366
0.55282366
0.55282366
0.55282366
0.55282366
0.55282366
0.55282366
0.55282366
0.55735693
0.55735693
0.55735693
0.55735693
0.55735693
0.55735693
0.55735693
0.55900628
0.55900628
0.55900628
0.55900628
0.55900628
0.55900628
0.55900628
0.55900628
0.55900628
0.55900628
0.55900628
0.56236942
0.56236942
0.56236942
0.56236942
0.56236942
0.56372962
0.56372962
0.56372962
0.56372962
0.56372962
0.56372962
0.56372962
0.56553757
0.56553757
0.56553757
0.56553757
0.56553757
0.56553757
0.56553757
0.56553757
0.56553757
0.56553757
0.56553757
0.56556374
0.56556374
0.56556374
0.56556374
0.56556374
0.56556374
0.5727411
0.5727411
0.5727411
0.5727411
0.5727411
0.5727411
0.5727411
0.5727411
0.5727411
0.5727411
0.57294895
0.57294895
0.57294895
0.57294895
0.57294895
0.57294895
0.57294895
0.57294895
0.57294895
0.57411801
0.57411801
0.57411801
0.57411801
0.57411801
0.57411801
0.57411801
0.57411801
0.57411801
0.57411801
0.57411801
0.57411801
0.57411801
0.57418037
0.57418037
0.57418037
0.57418037
0.57418037
0.57418037
0.57418037
0.57418037
0.57418037
0.57418037
0.57418037
0.57418037
0.57418037
0.57487929
0.57487929
0.57487929
0.57487929
0.57487929
0.57487929
0.57487929
0.57487929
0.57487929
0.57487929
0.57487929
0.57487929
0.57487929
0.57487929
0.57487929
0.57487929
0.57487929
0.57541664
0.57541664
0.57541664
0.57541664
0.57784399
0.57784399
0.57784399
0.57784399
0.57784399
0.57784399
0.57784399
0.57784399
0.57784399
0.57784399
0.57784399
0.578883
0.578883
0.57933756
0.57933756
0.57933756
0.57933756
0.57933756
0.57933756
0.57933756
0.57933756
0.57933756
0.57933756
0.57933756
0.57933756
0.57933756
0.57933756
0.58016362
0.58016362
0.58016362
0.58016362
0.58016362
0.58016362
0.58016362
0.58016362
0.58016362
0.58016362
0.58016362
0.58016362
0.58016362
0.58016362
0.58016362
0.58125089
0.58125089
0.58125089
0.58125089
0.58125089
0.58125089
0.58125089
0.58125089
0.58125089
0.58125089
0.58125089
0.58125089
0.58125089
0.58125089
0.58158907
0.58158907
0.58158907
0.58158907
0.58158907
0.58158907
0.58158907
0.58158907
0.58158907
0.58158907
0.58158907
0.58158907
0.58158907
0.58216248
0.58216248
0.58216248
0.58216248
0.58216248
0.58216248
0.58216248
0.58216248
0.58216248
0.58216248
0.58216248
0.58216248
0.58216248
0.58216248
0.58216248
0.58254943
0.58254943
0.58254943
0.58254943
0.58254943
0.58254943
0.58254943
0.58254943
0.58254943
0.58254943
0.58268339
0.58268339
0.58268339
0.58268339
0.58268339
0.58268339
0.58268339
0.58268339
0.58268339
0.58268339
0.58268339
0.58268339
0.58268339
0.584274
0.584274
0.584274
0.584274
0.584274
0.584274
0.584274
0.584274
0.584274
0.584274
0.584274
0.584274
0.584274
0.584274
0.584274
0.584274
0.584274
0.58439783
0.58439783
0.58439783
0.58439783
0.58439783
0.58439783
0.58439783
0.58439783
0.58439783
0.58439783
0.58439783
0.58439783
0.58439783
0.58439783
0.58439783
0.58439783
0.58468805
0.58468805
0.58468805
0.58468805
0.58468805
0.58468805
0.58468805
0.58468805
0.58468805
0.58468805
0.58468805
0.58468805
0.58468805
0.58468805
0.58468805
0.58468805
0.58581794
0.58581794
0.58581794
0.58581794
0.58581794
0.58581794
0.58581794
0.58581794
0.58581794
0.58581794
0.58581794
0.58581794
0.58581794
0.58581794
0.58687089
0.58687089
0.58687089
0.58687089
0.58687089
0.58687089
0.58745261
0.58745261
0.58745261
0.58745261
0.58745261
0.58745261
0.58745261
0.58745261
0.58745261
0.58745261
0.58745261
0.58745261
0.58745261
0.58745261
0.58745261
0.58745261
0.58745261
0.5875836
0.5875836
0.5875836
0.5875836
0.5875836
0.59024581
0.59024581
0.59024581
0.59218861
0.59218861
0.59218861
0.59218861
0.59218861
0.59218861
0.59473451
0.59473451
0.59473451
0.59473451
0.59473451
0.59473451
0.59473451
0.59473451
0.59473451
0.59473451
0.59473451
0.59473451
0.59587115
0.59587115
0.59587115
0.59587115
0.59587115
0.59587115
0.59587115
0.59587115
0.59587115
0.59587115
0.59587115
0.59587115
0.59587115
0.59587115
0.59587115
0.59587115
0.59587115
0.59857894
0.59857894
0.59857894
0.59857894
0.59857894
0.59857894
0.59857894
0.59911779
0.59911779
0.59911779
0.59911779
0.59911779
0.59911779
0.59911779
0.60062949
0.60062949
0.60062949
0.60062949
0.60062949
0.60062949
0.60062949
0.60062949
0.60062949
0.60062949
0.60062949
0.60062949
0.60062949
0.60062949
0.60062949
0.60062949
0.60101228
0.60101228
0.60101228
0.60101228
0.60101228
0.60101228
0.60101228
0.60101228
0.60101228
0.60101228
0.60101228
0.60101228
0.60101228
0.60101228
0.60101228
0.60101228
0.60101228
0.60101228
0.60604036
0.60604036
0.60604036
0.60604036
0.60604036
0.60604036
0.60604036
0.60604036
0.61163819
0.61163819
0.61163819
0.61163819
0.61163819
0.61163819
0.61163819
0.61163819
0.61163819
0.61163819
0.61163819
0.61163819
0.61163819
0.61163819
0.61163819
0.61163819
0.61163819
0.61614784
0.61614784
0.61614784
0.61614784
0.61614784
0.61614784
0.61614784
0.61614784
0.61699415
0.61699415
0.61699415
0.61699415
0.61699415
0.61699415
0.61699415
0.61699415
0.61699415
0.61699415
0.61699415
0.61699415
0.61699415
0.61699415
0.61699415
0.61699415
0.61699415
0.61699415
0.61699415
0.61897135
0.61897135
0.61897135
0.61897135
0.61897135
0.61897135
0.61897135
0.61897135
0.61897135
0.62431985
0.62431985
0.62431985
0.62431985
0.62431985
0.62431985
0.62431985
0.62431985
0.62469592
0.62469592
0.62469592
0.62469592
0.62469592
0.62469592
0.62469592
0.62469592
0.62469592
0.62469592
0.62605533
0.62605533
0.62605533
0.62605533
0.62605533
0.62658423
0.6285739
0.6285739
0.6285739
0.6285739
0.6285739
0.6285739
0.6285739
0.6285739
0.6285739
0.6285739
0.6285739
0.6285739
0.6285739
0.6285739
0.6285739
0.62887317
0.62887317
0.62887317
0.62887317
0.62887317
0.62887317
0.62887317
0.62887317
0.62887317
0.62887317
0.62887317
0.62887317
0.62887317
0.62887317
0.62887317
0.63026474
0.63026474
0.63026474
0.63026474
0.63026474
0.63026474
0.63026474
0.63026474
0.63026474
0.63026474
0.63026474
0.63026474
0.63026474
0.63026474
0.63085355
0.63085355
0.63085355
0.63085355
0.63085355
0.63085355
0.63085355
0.63085355
0.63085355
0.63085355
0.63262552
0.63262552
0.63262552
0.63262552
0.63262552
0.63262552
0.63262552
0.63262552
0.63262552
0.63262552
0.63262552
0.63262552
0.63262552
0.63262552
0.63262552
0.63262552
0.63262552
0.63262552
0.63262552
0.63262552
0.63452323
0.63452323
0.63452323
0.63452323
0.63452323
0.63452323
0.63452323
0.63452323
0.63452323
0.63452323
0.63452323
0.63452323
0.63452323
0.63452323
0.63452323
0.6361014
0.6361014
0.6361014
0.6361014
0.6361014
0.6361014
0.63659391
0.63659391
0.63659391
0.63659391
0.63659391
0.63659391
0.63659391
0.63659391
0.63659391
0.63659391
0.63659391
0.63659391
0.63718874
0.63718874
0.63718874
0.63718874
0.63718874
0.63718874
0.63718874
0.63718874
0.63718874
0.63718874
0.63718874
0.63718874
0.63768664
0.63768664
0.63768664
0.63900872
0.63900872
0.63900872
0.63900872
0.63916577
0.63916577
0.63916577
0.63916577
0.63916577
0.63916577
0.63916577
0.63916577
0.63916577
0.63916577
0.63916577
0.63916577
0.63916577
0.63916577
0.63916577
0.63916577
0.64055628
0.64055628
0.64055628
0.64055628
0.64055628
0.64055628
0.64055628
0.6413662
0.6413662
0.6413662
0.6413662
0.6413662
0.6413662
0.6413662
0.6413662
0.6413662
0.6413662
0.6413662
0.6413662
0.6413662
0.6413662
0.6413662
0.6413662
0.6413662
0.64307757
0.64307757
0.64307757
0.64307757
0.64307757
0.64307757
0.64307757
0.64307757
0.64307757
0.64307757
0.64307757
0.64307757
0.64307757
0.64307757
0.64307757
0.64307757
0.64307757
0.64433115
0.64433115
0.64433115
0.64433115
0.64433115
0.64433115
0.64433115
0.64433115
0.64433115
0.64433115
0.64470751
0.64470751
0.64470751
0.64470751
0.64470751
0.64470751
0.64470751
0.64470751
0.64470751
0.64470751
0.64470751
0.64662796
0.64662796
0.64662796
0.64662796
0.64662796
0.64662796
0.64662796
0.64662796
0.64662796
0.64662796
0.64662796
0.64662796
0.64662796
0.64727926
0.64727926
0.64727926
0.64727926
0.64727926
0.64727926
0.64727926
0.64727926
0.64727926
0.64734894
0.64734894
0.64734894
0.64734894
0.64734894
0.64734894
0.64734894
0.64734894
0.64734894
0.64734894
0.64734894
0.64734894
0.65112358
0.65112358
0.65112358
0.65112358
0.65112358
0.65112358
0.65112358
0.65112358
0.65112358
0.65146972
0.65146972
0.65146972
0.65146972
0.65146972
0.65146972
0.65146972
0.65146972
0.65146972
0.65146972
0.65371073
0.65371073
0.65371073
0.65371073
0.65371073
0.65371073
0.65371073
0.65371073
0.65371073
0.65371073
0.65371073
0.65371073
0.65371073
0.65371073
0.65371073
0.65371073
0.65371073
0.65371073
0.65371073
0.6538388
0.6538388
0.6538388
0.6538388
0.6538388
0.6538388
0.6538388
0.6538388
0.6538388
0.6538388
0.65419514
0.65419514
0.65419514
0.65419514
0.65419514
0.65467808
0.65467808
0.65467808
0.65467808
0.65467808
0.65467808
0.65467808
0.65467808
0.65467808
0.65467808
0.65467808
0.65467808
0.65467808
0.65467808
0.65970536
0.65970536
0.65970536
0.65970536
0.65970536
0.65970536
0.65970536
0.65970536
0.65970536
0.65970536
0.65970536
0.65970536
0.65970536
0.65970536
0.65970536
0.66004093
0.66004093
0.66004093
0.66004093
0.66004093
0.66004093
0.66004093
0.66004093
0.66004093
0.66004093
0.66004093
0.66004093
0.66004093
0.66004093
0.66004093
0.66004093
0.66004093
0.66051671
0.66051671
0.66051671
0.66051671
0.66051671
0.66051671
0.66051671
0.66051671
0.66051671
0.66051671
0.66051671
0.66051671
0.66051671
0.66051671
0.66051671
0.66051671
0.66051671
0.66051671
0.66051671
0.66051671
0.66214901
0.66214901
0.66214901
0.66214901
0.66214901
0.66214901
0.66214901
0.66214901
0.66214901
0.66214901
0.66214901
0.66214901
0.66214901
0.66214901
0.66214901
0.66214901
0.6625134
0.6625134
0.6625134
0.6625134
0.6625134
0.6625134
0.6625134
0.6625134
0.6625134
0.6625134
0.6625134
0.6625134
0.6625134
0.6625134
0.6625134
0.6625134
0.6625134
0.6625134
0.66575446
0.66575446
0.66575446
0.66575446
0.66575446
0.66575446
0.66630147
0.66630147
0.66630147
0.66630147
0.66630147
0.66630147
0.66630147
0.66630147
0.66630147
0.66630147
0.66630147
0.66630147
0.66630147
0.66630147
0.66698738
0.66698738
0.66698738
0.66698738
0.66698738
0.66698738
0.66698738
0.66698738
0.66698738
0.66698738
0.6695967
0.6695967
0.6695967
0.6695967
0.6695967
0.6695967
0.6695967
0.6695967
0.6695967
0.6695967
0.67067247
0.67067247
0.67067247
0.67067247
0.67067247
0.67067247
0.67067247
0.67067247
0.67067247
0.67067247
0.67067247
0.67067247
0.67067247
0.67067247
0.67067247
0.67067247
0.67067247
0.67067247
0.67067247
0.67189481
0.67189481
0.67189481
0.67189481
0.67189481
0.67189481
0.67189481
0.67211966
0.67211966
0.67211966
0.67211966
0.67211966
0.67211966
0.67211966
0.67211966
0.67211966
0.67211966
0.67211966
0.67211966
0.67211966
0.67211966
0.67211966
0.67211966
0.67504118
0.67504118
0.67504118
0.67504118
0.67504118
0.67504118
0.67504118
0.67504118
0.67504118
0.67504118
0.67504118
0.67504118
0.67800236
0.67800236
0.67800236
0.67800236
0.67800236
0.67800236
0.67800236
0.67800236
0.67800236
0.67800236
0.67800236
0.67800236
0.67800236
0.67800236
0.67800236
0.67800236
0.67800236
0.67800236
0.67851026
0.67851026
0.67851026
0.67851026
0.67851026
0.67851026
0.67851026
0.67851026
0.67851026
0.67851026
0.67851026
0.67851026
0.67851026
0.67851026
0.67851026
0.67851026
0.67851026
0.67851026
0.67851026
0.67851026
0.67851026
0.67902162
0.67902162
0.67902162
0.67902162
0.67902162
0.67902162
0.67902162
0.68062336
0.68062336
0.68062336
0.68062336
0.68062336
0.68062336
0.68062336
0.68062336
0.68062336
0.68062336
0.68062336
0.68389598
0.68389598
0.68389598
0.68389598
0.68389598
0.68389598
0.68389598
0.68389598
0.68389598
0.68389598
0.68389598
0.68389598
0.68389598
0.68389598
0.68389598
0.68389598
0.68389598
0.68459269
0.68459269
0.68459269
0.68459269
0.68459269
0.68459269
0.68459269
0.68459269
0.68459269
0.68459269
0.68459269
0.68459269
0.68459269
0.68459269
0.68459269
0.68459269
0.68459269
0.68459269
0.68459269
0.68459269
0.68480874
0.68480874
0.68480874
0.68480874
0.68480874
0.68480874
0.68480874
0.68480874
0.68480874
0.68480874
0.68480874
0.68480874
0.68480874
0.68480874
0.68480874
0.68480874
0.68480874
0.68480874
0.68480874
0.68480874
0.68480874
0.69047203
0.69047203
0.69047203
0.69047203
0.69047203
0.69047203
0.69047203
0.69047203
0.69047203
0.69047203
0.69047203
0.69047203
0.6905239
0.6905239
0.6905239
0.6905239
0.6905239
0.6905239
0.6905239
0.6905239
0.6905239
0.69214662
0.69214662
0.69214662
0.69214662
0.69214662
0.69214662
0.69214662
0.69214662
0.69214662
0.69214662
0.69214662
0.69214662
0.69214662
0.69297474
0.69297474
0.69297474
0.69297474
0.69297474
0.69297474
0.69297474
0.69297474
0.69297474
0.69297474
0.69340384
0.69340384
0.69340384
0.69340384
0.69340384
0.69340384
0.69340384
0.69340384
0.69340384
0.69340384
0.69340384
0.69340384
0.69340384
0.69340384
0.69371777
0.69371777
0.69371777
0.69371777
0.69371777
0.69371777
0.69371777
0.69371777
0.69371777
0.69371777
0.69371777
0.69371777
0.69371777
0.69371777
0.69371777
0.69549176
0.69549176
0.69549176
0.69549176
0.69549176
0.69549176
0.69549176
0.69549176
0.69549176
0.69549176
0.69549176
0.69549176
0.69549176
0.70053161
0.70053161
0.70053161
0.70053161
0.70053161
0.70053161
0.70053161
0.70053161
0.70053161
0.70053161
0.70053161
0.70053161
0.70053161
0.70053161
0.70277094
0.70277094
0.70277094
0.70277094
0.70277094
0.70277094
0.70277094
0.70277094
0.70277094
0.70277094
0.70277094
0.70277094
0.70277094
0.70277094
0.70277094
0.70277094
0.7031634
0.7031634
0.7031634
0.7031634
0.7031634
0.7031634
0.7031634
0.7031634
0.7031634
0.7031634
0.7031634
0.7031634
0.7031634
0.70553281
0.70553281
0.70553281
0.70553281
0.70553281
0.70553281
0.70553281
0.70553281
0.70553281
0.70553281
0.70553281
0.71324423
0.71324423
0.71324423
0.71324423
0.71324423
0.71324423
0.71324423
0.71324423
0.71324423
0.71324423
0.71324423
0.71324423
0.71324423
0.71324423
0.71324423
0.71324423
0.71324423
0.71726053
0.71726053
0.71726053
0.71726053
0.71726053
0.71726053
0.71726053
0.71726053
0.71726053
0.71726053
0.71726053
0.71726053
0.71726053
0.71726053
0.71726053
0.71726053
0.71726053
0.71726053
0.72221038
0.72221038
0.72221038
0.72221038
0.72221038
0.72221038
0.72221038
0.72221038
0.72221038
0.72221038
0.72221038
0.72221038
0.72221038
0.72221038
0.72332114
0.72332114
0.72332114
0.72332114
0.72332114
0.72332114
0.72332114
0.72332114
0.72332114
0.72332114
0.72332114
0.72332114
0.72440037
0.72440037
0.72440037
0.72440037
0.72440037
0.72440037
0.72440037
0.72440037
0.72440037
0.72440037
0.72440037
0.72440037
0.72440037
0.72440037
0.72440037
0.72467703
0.72467703
0.72467703
0.72467703
0.72467703
0.72467703
0.72467703
0.72467703
0.72467703
0.72467703
0.72467703
0.72467703
0.72467703
0.72467703
0.72467703
0.72467703
0.72467703
0.72467703
0.72467703
0.72467703
0.72762625
0.72762625
0.72762625
0.72762625
0.72762625
0.72762625
0.72762625
0.72762625
0.72762625
0.72762625
0.72762625
0.72762625
0.72762625
0.72762625
0.72762625
0.72762625
0.72762625
0.72762625
0.72762625
0.72762625
0.72964609
0.72964609
0.72964609
0.72964609
0.72964609
0.72964609
0.72964609
0.72964609
0.72964609
0.72964609
0.72964609
0.72964609
0.72964609
0.72964609
0.72964609
0.72979196
0.72979196
0.72979196
0.72979196
0.72979196
0.72979196
0.72979196
0.72979196
0.72979196
0.72979196
0.72979196
0.72979196
0.72979196
0.72979196
0.72979196
0.73140566
0.73140566
0.73140566
0.73140566
0.73140566
0.73140566
0.73140566
0.73140566
0.73140566
0.73140566
0.73140566
0.73140566
0.73140566
0.73140566
0.73140566
0.7348916
0.7348916
0.7348916
0.7348916
0.7348916
0.7348916
0.7348916
0.7348916
0.7348916
0.7348916
0.7348916
0.7348916
0.7348916
0.7348916
0.7348916
0.7348916
0.7348916
0.7348916
0.7348916
0.7348916
0.7348916
0.73531017
0.73531017
0.73531017
0.73531017
0.73531017
0.73531017
0.73531017
0.73531017
0.73531017
0.73531017
0.73531017
0.73531017
0.73531017
0.73531017
0.73531017
0.73531017
0.73531017
0.73567553
0.73567553
0.73567553
0.73567553
0.73567553
0.73567553
0.73567553
0.73567553
0.73567553
0.73567553
0.73567553
0.73567553
0.73841975
0.73841975
0.73841975
0.73841975
0.73841975
0.73841975
0.73841975
0.73841975
0.73841975
0.73841975
0.73841975
0.73841975
0.73841975
0.73841975
0.73841975
0.73841975
0.73841975
0.73841975
0.74071161
0.74071161
0.74071161
0.74071161
0.74071161
0.74071161
0.74071161
0.74071161
0.74071161
0.74071161
0.74071161
0.74071161
0.74071161
0.74071161
0.74071161
0.74071161
0.74071161
0.74071161
0.74071161
0.74071161
0.74071161
0.74318705
0.74318705
0.74318705
0.74318705
0.74318705
0.74318705
0.74318705
0.74318705
0.74318705
0.74318705
0.74318705
0.74318705
0.74318705
0.74318705
0.74318705
0.74318705
0.74318705
0.74318705
0.74318705
0.74335176
0.74335176
0.74335176
0.74335176
0.74335176
0.74335176
0.74335176
0.74335176
0.74335176
0.74335176
0.74335176
0.74335176
0.74335176
0.74335176
0.74335176
0.74478244
0.74478244
0.74478244
0.74478244
0.74478244
0.74478244
0.74478244
0.74478244
0.74478244
0.74478244
0.74478244
0.74478244
0.74478244
0.74478244
0.74478244
0.74478244
0.74515973
0.74515973
0.74515973
0.74515973
0.74515973
0.74515973
0.74515973
0.74515973
0.74515973
0.74515973
0.74515973
0.74515973
0.74515973
0.74515973
0.74515973
0.74515973
0.74515973
0.74515973
0.74515973
0.74579223
0.74579223
0.74579223
0.74579223
0.74579223
0.74579223
0.74579223
0.74579223
0.74579223
0.74579223
0.74579223
0.74579223
0.74579223
0.74579223
0.74579223
0.74579223
0.74579223
0.74579223
0.74579223
0.74579223
0.74579223
0.74579223
0.74579223
0.75415557
0.75415557
0.75415557
0.75415557
0.75415557
0.75415557
0.75415557
0.75415557
0.75415557
0.75415557
0.75415557
0.75415557
0.75415557
0.75415557
0.75415557
0.75415557
0.75415557
0.75415557
0.75415557
0.75456273
0.75456273
0.75456273
0.75456273
0.75456273
0.75456273
0.75456273
0.75456273
0.75456273
0.75456273
0.75456273
0.75456273
0.75456273
0.75456273
0.75456273
0.75456273
0.75456273
0.75487357
0.75487357
0.75487357
0.75487357
0.75487357
0.75487357
0.75487357
0.75487357
0.75487357
0.75487357
0.75487357
0.75487357
0.75487357
0.75487357
0.75487357
0.75487357
0.75487357
0.75487357
0.75487357
0.75487357
0.75518565
0.75518565
0.75518565
0.75518565
0.75518565
0.75518565
0.75518565
0.75518565
0.75518565
0.75518565
0.75518565
0.75518565
0.75518565
0.75518565
0.75518565
0.75518565
0.75518565
0.75629331
0.75629331
0.75629331
0.75629331
0.75629331
0.75629331
0.75629331
0.75629331
0.75629331
0.75629331
0.75629331
0.75629331
0.75629331
0.75629331
0.75629331
0.75629331
0.75629331
0.75927047
0.75927047
0.75927047
0.75927047
0.75927047
0.75927047
0.75927047
0.75927047
0.75927047
0.75927047
0.75927047
0.75927047
0.75927047
0.75927047
0.75927047
0.75927047
0.75927047
0.75927047
0.75927047
0.75927047
0.75927047
0.76215835
0.76215835
0.76215835
0.76215835
0.76215835
0.76215835
0.76215835
0.76215835
0.76215835
0.76215835
0.76215835
0.76215835
0.76215835
0.76215835
0.76215835
0.76215835
0.76215835
0.76215835
0.76215835
0.7755547
0.7755547
0.7755547
0.7755547
0.7755547
0.7755547
0.7755547
0.7755547
0.7755547
0.7755547
0.7755547
0.7755547
0.7755547
0.7755547
0.7755547
0.7755547
0.7755547
0.7755547
0.7755547
0.7755547
0.78575582
0.78575582
0.78575582
0.78575582
0.78575582
0.78575582
0.78575582
0.78575582
0.78575582
0.78575582
0.78575582
0.78575582
0.78575582
0.78575582
0.78575582
0.78575582
0.78575582
0.78575582
0.78575582
0.78575582
0.78575582
0.78575582
0.78575582
0.78944733
0.78944733
0.78944733
0.78944733
0.78944733
0.78944733
0.78944733
0.78944733
0.78944733
0.78944733
0.78944733
0.78944733
0.78944733
0.78944733
0.78944733
0.78944733
0.78944733
0.78944733
0.78944733
0.78944733
0.78944733
0.78944733
0.78944733
0.78944733
0.78953784
0.78953784
0.78953784
0.78953784
0.78953784
0.78953784
0.78953784
0.78953784
0.78953784
0.78953784
0.78953784
0.78953784
0.78953784
0.78953784
0.78953784
0.78953784
0.78953784
0.78953784
0.79803774
0.79803774
0.79803774
0.79803774
0.79803774
0.79803774
0.79803774
0.79803774
0.79803774
0.79803774
0.79803774
0.79803774
0.79803774
0.79803774
0.79803774
0.79803774
0.79803774
0.79803774
0.80240186
0.80240186
0.80240186
0.80240186
0.80240186
0.80240186
0.80240186
0.80240186
0.80240186
0.80240186
0.80240186
0.80240186
0.80240186
0.80240186
0.80240186
0.80240186
0.80240186
0.80240186
0.80240186
0.80240186
0.8032938
0.8032938
0.8032938
0.8032938
0.8032938
0.8032938
0.8032938
0.8032938
0.8032938
0.8032938
0.8032938
0.8032938
0.8032938
0.8032938
0.8032938
0.8032938
0.8032938
0.8032938
0.8032938
0.8032938
0.8032938
0.8032938
0.80931607
0.80931607
0.80931607
0.80931607
0.80931607
0.80931607
0.80931607
0.80931607
0.80931607
0.80931607
0.80931607
0.80931607
0.80931607
0.80931607
0.80931607
0.80931607
0.80931607
0.80931607
0.80931607
0.80931607
0.80931607
0.81326398
0.81326398
0.81326398
0.81326398
0.81326398
0.81326398
0.81326398
0.81326398
0.81326398
0.81326398
0.81326398
0.81326398
0.81326398
0.81326398
0.81326398
0.81326398
0.81326398
0.81326398
0.81326398
0.81969116
0.81969116
0.81969116
0.81969116
0.81969116
0.81969116
0.81969116
0.81969116
0.81969116
0.81969116
0.81969116
0.81969116
0.81969116
0.81969116
0.81969116
0.81969116
0.81969116
0.81969116
0.81969116
0.81969116
0.82778998
0.82778998
0.82778998
0.82778998
0.82778998
0.82778998
0.82778998
0.82778998
0.82778998
0.82778998
0.82778998
0.82778998
0.82778998
0.82778998
0.82778998
0.82778998
0.82778998
0.82778998
0.82778998
0.82778998
0.82778998
0.83231526
0.83231526
0.83231526
0.83231526
0.83231526
0.83231526
0.83231526
0.83231526
0.83231526
0.83231526
0.83231526
0.83231526
0.83231526
0.83231526
0.83231526
0.83231526
0.83231526
0.83231526
0.83231526
0.83231526
0.83231526
0.83231526
0.83231526
0.83231526
0.83694221
0.83694221
0.83694221
0.83694221
0.83694221
0.83694221
0.83694221
0.83694221
0.83694221
0.83694221
0.83694221
0.83694221
0.83694221
0.83694221
0.83694221
0.83694221
0.83694221
0.83694221
0.83694221
0.83932582
0.83932582
0.83932582
0.83932582
0.83932582
0.83932582
0.83932582
0.83932582
0.83932582
0.83932582
0.83932582
0.83932582
0.83932582
0.83932582
0.83932582
0.83932582
0.83932582
0.83932582
0.83932582
0.83932582
0.83932582
0.83932582
0.83932582
0.84193133
0.84193133
0.84193133
0.84193133
0.84193133
0.84193133
0.84193133
0.84193133
0.84193133
0.84193133
0.84193133
0.84193133
0.84193133
0.84193133
0.84193133
0.84193133
0.84193133
0.84193133
0.84193133
0.84199076
0.84199076
0.84199076
0.84199076
0.84199076
0.84199076
0.84199076
0.84199076
0.84199076
0.84199076
0.84199076
0.84199076
0.84199076
0.84199076
0.84199076
0.84199076
0.84199076
0.84199076
0.84199076
0.84199076
0.84199076
0.84199076
0.84199076
0.84199076
0.84240203
0.84240203
0.84240203
0.84240203
0.84240203
0.84240203
0.84240203
0.84240203
0.84240203
0.84240203
0.84240203
0.84240203
0.84240203
0.84240203
0.84240203
0.84240203
0.84240203
0.84240203
0.84240203
0.84240203
0.84240203
0.84240203
0.84240203
0.84908287
0.84908287
0.84908287
0.84908287
0.84908287
0.84908287
0.84908287
0.84908287
0.84908287
0.84908287
0.84908287
0.84908287
0.84908287
0.84908287
0.84908287
0.84908287
0.84908287
0.84908287
0.84908287
0.84908287
0.84908287
0.84908287
0.84908287
0.8501349
0.8501349
0.8501349
0.8501349
0.8501349
0.8501349
0.8501349
0.8501349
0.8501349
0.8501349
0.8501349
0.8501349
0.8501349
0.8501349
0.8501349
0.8501349
0.8501349
0.8501349
0.8501349
0.8501349
0.8501349
0.8501349
0.8501349
0.8510728
0.8510728
0.8510728
0.8510728
0.8510728
0.8510728
0.8510728
0.8510728
0.8510728
0.8510728
0.8510728
0.8510728
0.8510728
0.8510728
0.8510728
0.8510728
0.8510728
0.8510728
0.8510728
0.8510728
0.8510728
0.85976468
0.85976468
0.85976468
0.85976468
0.85976468
0.85976468
0.85976468
0.85976468
0.85976468
0.85976468
0.85976468
0.85976468
0.85976468
0.86368733
0.86368733
0.86368733
0.86368733
0.86368733
0.86368733
0.86368733
0.86368733
0.86368733
0.86368733
0.86368733
0.86368733
0.86368733
0.86368733
0.86368733
0.86368733
0.86368733
0.86368733
0.86368733
0.86368733
0.86368733
0.86368733
0.86480146
0.86480146
0.86480146
0.86480146
0.86480146
0.86480146
0.86480146
0.86480146
0.86480146
0.86480146
0.86480146
0.86480146
0.86480146
0.86480146
0.86480146
0.86480146
0.86480146
0.86480146
0.86480146
0.86480146
0.86480146
0.86480146
0.86480146
0.86480146
0.87007815
0.87007815
0.87007815
0.87007815
0.87007815
0.87007815
0.87007815
0.87007815
0.87007815
0.87007815
0.87007815
0.87007815
0.87007815
0.87333171
0.87333171
0.87333171
0.87333171
0.87333171
0.87333171
0.87333171
0.87333171
0.87333171
0.87333171
0.87333171
0.87333171
0.87333171
0.87333171
0.87333171
0.87333171
0.87333171
0.87333171
0.87333171
0.87333171
0.87333171
0.87333171
0.87513777
0.87513777
0.87513777
0.87513777
0.87513777
0.87513777
0.87513777
0.87513777
0.87513777
0.87513777
0.87513777
0.87513777
0.87513777
0.87513777
0.87513777
0.87513777
0.87513777
0.87513777
0.87513777
0.87513777
0.87513777
0.87513777
0.88291929
0.88291929
0.88291929
0.88291929
0.88291929
0.88291929
0.88291929
0.88291929
0.88291929
0.88291929
0.88291929
0.88291929
0.88291929
0.88291929
0.88291929
0.88291929
0.88291929
0.88291929
0.88291929
0.88291929
0.88291929
0.88291929
0.88291929
0.88699127
0.88699127
0.88699127
0.88699127
0.88699127
0.88699127
0.88699127
0.88699127
0.88699127
0.88699127
0.88699127
0.88699127
0.88699127
0.88699127
0.88699127
0.88699127
0.88699127
0.88699127
0.88699127
0.88699127
0.88699127
0.88699127
0.88699127
0.90041853
0.90041853
0.90041853
0.90041853
0.90041853
0.90041853
0.90041853
0.90041853
0.90041853
0.90041853
0.90041853
0.90041853
0.90041853
0.90041853
0.90041853
0.90752551
0.90752551
0.90752551
0.90752551
0.90752551
0.90752551
0.90752551
0.90752551
0.90752551
0.90752551
0.90752551
0.90752551
0.90752551
0.90752551
0.90752551
0.90752551
0.90768595
0.90768595
0.90768595
0.90768595
0.90768595
0.90768595
0.90768595
0.90768595
0.90768595
0.90768595
0.90768595
0.90768595
0.90768595
0.90768595
0.90768595
0.90768595
0.90768595
0.91403491
0.91403491
0.91403491
0.91403491
0.91403491
0.91403491
0.91403491
0.91403491
0.91403491
0.91403491
0.91403491
0.91403491
0.91403491
0.91403491
0.91403491
0.91403491
0.91403491
0.91403491
0.91403491
0.91403491
0.91403491
0.91403491
0.91403491
0.91403491
0.91428472
0.91428472
0.91428472
0.91428472
0.91428472
0.91428472
0.91428472
0.91428472
0.91428472
0.91428472
0.91428472
0.91428472
0.91428472
0.91428472
0.91428472
0.91428472
0.91428472
0.91428472
0.91428472
0.91428472
0.91428472
0.91428472
0.91428472
0.91503427
0.91503427
0.91503427
0.91503427
0.91503427
0.91503427
0.91503427
0.91503427
0.91503427
0.91503427
0.91503427
0.91503427
0.91503427
0.91503427
0.91503427
0.91503427
0.91503427
0.91503427
0.91503427
0.91503427
0.91503427
0.91503427
0.91503427
0.91503427
0.91503427
0.91774517
0.91774517
0.91774517
0.91774517
0.91774517
0.91774517
0.91774517
0.91774517
0.91774517
0.91774517
0.91774517
0.91774517
0.91774517
0.91774517
0.91774517
0.91774517
0.91774517
0.91774517
0.91774517
0.91774517
0.91774517
0.91774517
0.91774517
0.91956878
0.91956878
0.91956878
0.91956878
0.91956878
0.91956878
0.91956878
0.91956878
0.91956878
0.91956878
0.91956878
0.91956878
0.91956878
0.91956878
0.91956878
0.91956878
0.91956878
0.91956878
0.91956878
0.91956878
0.91956878
0.91956878
0.91956878
0.91956878
0.93535083
0.93535083
0.93535083
0.93535083
0.93535083
0.93535083
0.93535083
0.93535083
0.93535083
0.93535083
0.93535083
0.93535083
0.93535083
0.93535083
0.93535083
0.93535083
0.93535083
0.93535083
0.93884861
0.93884861
0.93884861
0.93884861
0.93884861
0.93884861
0.93884861
0.93884861
0.93884861
0.93884861
0.93884861
0.93884861
0.93884861
0.93884861
0.93884861
0.93884861
0.93884861
0.93884861
0.93884861
0.93884861
0.93884861
0.93884861
0.93884861
0.93884861
0.93884861
0.94191739
0.94191739
0.94191739
0.94191739
0.94191739
0.94191739
0.94191739
0.94191739
0.94191739
0.94191739
0.94191739
0.94191739
0.94191739
0.94191739
0.94191739
0.94191739
0.94191739
0.94191739
0.94191739
0.94191739
0.94191739
0.94191739
0.94191739
0.94191739
0.94191739
0.94191739
0.95178042
0.95178042
0.95178042
0.95178042
0.95178042
0.95178042
0.95178042
0.95178042
0.95178042
0.95178042
0.95178042
0.95178042
0.95178042
0.95178042
0.95178042
0.95178042
0.95178042
0.95178042
0.95178042
0.95178042
0.95178042
0.95178042
0.95178042
0.95178042
0.95178042
0.95178042
0.9540519
0.9540519
0.9540519
0.9540519
0.9540519
0.9540519
0.9540519
0.9540519
0.9540519
0.9540519
0.9540519
0.9540519
0.9540519
0.9540519
0.9540519
0.9540519
0.9540519
0.9540519
0.9540519
0.95735667
0.95735667
0.95735667
0.95735667
0.95735667
0.95735667
0.95735667
0.95735667
0.95735667
0.95735667
0.95735667
0.95735667
0.95735667
0.95735667
0.95735667
0.95735667
0.95735667
0.95735667
0.95735667
0.95735667
0.95735667
0.95735667
0.95735667
0.95735667
0.95735667
0.95735667
0.96219179
0.96219179
0.96219179
0.96219179
0.96219179
0.96219179
0.96219179
0.96219179
0.96219179
0.96219179
0.96219179
0.96219179
0.96219179
0.96219179
0.96219179
0.96219179
0.96219179
0.96219179
0.96219179
0.96219179
0.9767532
0.9767532
0.9767532
0.9767532
0.9767532
0.9767532
0.9767532
0.9767532
0.9767532
0.9767532
0.9767532
0.9767532
0.9767532
0.9767532
0.9767532
0.9767532
0.9767532
0.9767532
0.9767532
0.9767532
0.9767532